X= 0.643600
Y= 1.797820
Z= 0.000000
