XOffSet= 0.420000
YOffSet= 1.850000